
strategic_region={
	id=10
	name="STRATEGICREGION_10"
	provinces={
		80 173 196 225 270 330 454 465 494 564 641 711 714 733 864 948 956 962 985 990 1092 1311 1350 1366 1428 1444 1550 1555 1577 1667 1675 1755 1770 1779 1844 1861 1869 1955 1975 2022 2047 2099 2136 2197 2385 2412 2416 2562 2645 2651 2771 2780 2964 3033 3080 3093 3121 3148 3153 3179 3222 3256 3258 3259 3369 3489 3510 3511 3525 3537 3614 3632 3655 3670 3674 3687 3718 3727 3750 3753 3785 3789 3794 3914 3943 3957 3994 4009 4126 4149 4153 4207 4246 4364 4430 4451 4473 4501 4528 4556 4561 4564 4630 4701 4721 4777 4787 4849 4864 4867 4876 4887 4932 4960 4962 5002 5092 5094 5106 5132 5158 5190 5222 5338 5376 5401 5416 5446 5475 5480 5496 5504 5579 5608 5618 5632 5635 5781 5800 5844 5864 5869 5956 6026 6030 6052 6151 6174 6183 6236 6243 6287 6299 6423 6428 6476 6552 6556 6579 6605 6648 6677 6713 6718 6733 6757 6875 6876 6938 6949 6974 7007 7069 7092 7095 7114 7148 7169 7178 7183 7203 7246 7247 9034 9038 9039 9044 9045 9046 9048 9051 9056 9065 9071 9072 9083 9089 9091 9093 9098 9106 9107 9113 9122 9124 9125 9127 9128 9133 9140 9142 9149 9154 9158 9171 9172 9182 9183 9203 9209 9212 9229 9239 9248 9262 9263 9267 9271 9275 9276 9289 9290 9292 9293 9299 9304 9305 9313 9319 9320 9333 9339 9343 9350 9351 9352 9360 9361 9369 9374 9375 9381 9388 9402 9406 9408 9412 9413 9434 9440 9443 9445 9452 9455 9460 9463 9471 9473 9481 9482 9493 9506 9520 9521 9538 9542 9550 9551 9576 9577 9583 9588 9606 9610 9631 9636 9651 9661 9662 9664 9674 9676 9682 9721 
	}
	weather={
	}
}
