
strategic_region={
	id=12
	name="STRATEGICREGION_12"
	provinces={
		792 1126 1637 1720 2032 2059 2976 3036 3078 3102 3450 3541 3707 3751 3766 3796 3802 4150 4235 4251 4385 4443 4450 4535 4575 4632 4659 4799 4838 5026 5223 5359 5385 5482 5495 5763 5770 5778 5791 5797 5807 5874 5936 5990 6080 6206 6217 6224 6225 6283 6323 6534 6691 6826 6848 6973 7022 7079 7101 7117 7223 7554 7566 7579 7582 7592 7598 7611 7616 7617 7623 7635 7636 7638 7645 7651 7658 7662 7665 7671 7688 7689 7692 7693 7695 7706 7707 7714 7722 7731 7737 7743 7745 7752 7755 7756 7770 7771 7772 7773 7775 7778 7780 7782 7784 7788 7796 7797 7801 7809 7814 7821 7827 7830 7831 7844 7847 7855 7862 7863 7866 7874 7883 7896 
	}
	weather={
	}
}
