
strategic_region={
	id=13
	name="STRATEGICREGION_13"
	provinces={
		156 470 1093 1341 1413 1823 2041 2374 2577 2689 2853 2962 3007 3181 3519 3570 3726 4171 4424 4598 4848 4870 4984 5011 5044 5075 5182 5201 5203 5308 5366 5611 5842 5883 5937 5961 6191 6274 6496 6538 6694 6696 6710 6731 6786 6886 6948 7028 7087 7129 7615 7690 7718 7725 7750 7820 7928 7937 7940 7953 7954 7956 7957 7961 7968 7970 7971 7977 7994 7996 8001 8002 8004 8008 8015 8016 8017 8018 8019 8022 8026 8036 8039 8040 8044 8045 8047 
	}
	weather={
	}
}
