
strategic_region={
	id=16
	name="STRATEGICREGION_16"
	provinces={
		487 549 698 908 1698 1731 2010 2118 2246 2494 2716 2729 2786 2833 2970 2986 2993 2998 3020 3217 3284 3309 3533 3656 3816 3871 3927 3933 4075 4689 4775 4816 4973 5008 5324 5337 5370 5478 5506 5745 5801 5981 6197 6222 6230 6339 6343 6429 6508 6560 6571 6721 6753 6823 6944 6961 7037 7080 7158 7174 9279 9281 9282 9285 9286 9303 9315 9318 9323 9335 9336 9362 9366 9368 9373 9385 9386 9391 9394 9395 9400 9403 9407 9410 9415 9425 9430 9432 9433 9439 9447 9450 9462 9486 9487 9494 9498 9505 9512 9514 9515 9526 9534 9545 9546 9549 9554 9566 9569 9570 9573 9575 9593 9595 9598 9607 9608 9620 9629 9630 9637 9638 9658 9660 9663 9669 9675 9687 9697 9703 9715 11404 11405 11408 11409 11410 
	}
	weather={
	}
}
