
strategic_region={
	id=18
	name="STRATEGICREGION_18"
	provinces={
		485 820 1362 1985 2180 2277 2358 2534 2675 2688 2702 2801 2877 2999 3049 3063 3208 3262 3393 3467 3527 3577 3606 3667 3983 4010 4327 4338 4351 4369 4376 4540 4642 4737 4801 4841 4901 5237 5295 5316 5329 5510 5646 5662 5687 5702 5817 5916 5922 5925 5953 6081 6115 6300 6315 6403 6510 6577 6588 6646 6702 6743 6829 6843 6915 6993 7053 7074 7099 7168 9679 9719 9725 9734 9738 9740 9741 9744 9747 9750 9755 9758 9763 9768 9769 9788 9790 9793 9799 9804 9806 9810 9812 9816 9820 9827 9829 9834 9835 9840 9842 9849 9853 9866 9875 9876 9881 9893 9898 9901 9903 9907 9911 9919 9923 9928 9938 9943 9945 9946 9949 9950 9954 9955 9964 9968 9973 9981 9984 9986 9989 9990 9993 9995 9998 10001 
	}
	weather={
	}
}
