
strategic_region={
	id=19
	name="STRATEGICREGION_19"
	provinces={
		23 25 76 322 451 453 672 780 1122 1156 1228 1470 1534 1536 1541 1614 1681 1744 1795 1840 1843 2077 2082 2155 2260 2325 2336 2344 2442 2499 2619 2666 2673 2735 2857 2958 2980 3019 3027 3085 3092 3104 3125 3239 3442 3487 3604 3668 3870 3910 3916 3918 3935 4031 4043 4087 4152 4225 4228 4238 4250 4332 4334 4336 4356 4365 4373 4392 4421 4464 4572 4649 4651 4842 4862 4918 4967 5037 5061 5112 5261 5264 5276 5287 5288 5289 5368 5396 5404 5428 5447 5591 5630 5656 5657 5887 5975 5989 6004 6036 6038 6061 6092 6149 6227 6264 6351 6353 6410 6495 6657 6698 6717 6835 6837 6912 6970 6988 7201 7699 9431 9451 9461 9489 9497 9499 9511 9516 9519 9522 9525 9540 9541 9547 9558 9562 9574 9582 9585 9589 9596 9602 9604 9605 9609 9616 9625 9627 9634 9653 9655 9673 9680 9681 9684 9698 9700 9704 9708 9710 9711 9716 9735 9737 9739 9752 9762 9764 9776 9780 9783 9795 9800 9808 9809 9818 9821 9830 9833 9851 9852 9854 9861 9863 9872 9873 9874 9877 9882 9883 9890 9897 9899 9908 9909 9913 9920 9921 9925 9929 9931 9947 9951 9962 9969 10126 11384 
	}
	weather={
	}
}
