
strategic_region={
	id=2
	name="STRATEGICREGION_2"
	provinces={
		70 894 1434 1516 1899 2354 2709 2967 3283 3362 3772 3814 4065 4091 4428 4734 4763 4780 5229 5389 5651 5654 5690 5814 5848 5886 6163 6178 6278 6350 6645 6685 6714 6727 6840 6844 6853 6904 6934 6947 7067 7218 7261 7266 7976 8114 8381 8436 8448 8449 8458 8460 8462 8463 8469 8482 8483 8486 8492 8493 8505 8506 8511 8522 8523 8534 8542 8545 8548 8559 8562 8565 8573 8574 8582 8586 8587 8590 8591 8593 8605 8622 8628 8629 8632 8633 8634 8638 8642 8650 8652 8662 8663 8664 8668 8679 8685 8689 8695 8699 8708 8717 8719 8723 8724 8727 8736 8745 8748 8749 8750 8753 8772 8774 8936 8981 10618 10691 10692 10693 10695 10696 
	}
	weather={
	}
}
