
strategic_region={
	id=20
	name="STRATEGICREGION_20"
	provinces={
		102 385 517 574 630 669 931 1037 1166 1505 1605 1653 1900 1915 2121 2357 2474 2555 2602 2638 2827 2894 2918 3004 3008 3018 3024 3053 3149 3155 3180 3215 3234 3406 3416 3454 3729 3742 3940 4001 4004 4063 4074 4111 4169 4189 4206 4456 4534 4570 4579 4616 4654 4782 4869 4902 4916 4938 4939 4944 5306 5307 5312 5320 5355 5437 5460 5531 5535 5577 5595 5597 5669 5705 5708 5722 5725 5748 5779 5808 5816 5840 5902 5906 5942 6101 6124 6153 6185 6190 6198 6203 6252 6270 6285 6314 6320 6355 6407 6421 6517 6543 6622 6690 6704 6709 6716 6851 6861 6913 6928 6935 6969 6975 7147 9965 9967 9979 9991 9992 9997 10002 10003 10007 10008 10010 10011 10012 10022 10026 10028 10029 10030 10035 10036 10037 10043 10045 10051 10054 10055 10057 10060 10062 10063 10064 10065 10070 10071 10074 10075 10076 10079 10080 10081 10083 10089 10090 10091 10095 10096 10099 10101 10105 10108 10112 10113 10114 10124 10140 10141 10143 10145 10153 10154 10157 10158 10159 10162 10163 10164 10167 10170 10181 10184 10185 10189 10193 10194 10197 10209 10212 10224 10227 10229 10237 10238 10240 10244 10256 10258 10259 
	}
	weather={
	}
}
