
strategic_region={
	id=25
	name="STRATEGICREGION_25"
	provinces={
		15 18 32 50 51 53 61 77 125 146 150 168 171 190 204 205 221 230 234 245 259 274 289 328 331 434 439 452 460 466 477 490 502 511 515 519 520 524 541 544 552 565 587 603 609 610 691 696 721 770 798 833 839 881 884 906 910 919 920 963 969 976 995 997 998 1021 1026 1030 1068 1075 1191 1219 1232 1245 1249 1264 1279 1294 1337 1347 1388 1405 1410 1431 1432 1461 1488 1523 1560 1580 1635 1638 1659 1662 1685 1721 1758 1777 1781 1788 1826 1830 1854 1856 1885 1887 1897 1929 1935 1954 1960 1972 1990 2025 2071 2073 2074 2098 2139 2156 2159 2176 2177 2183 2190 2257 2263 2266 2288 2306 2320 2330 2332 2389 2390 2393 2402 2415 2421 2491 2523 2524 2525 2584 2614 2647 2663 2725 2750 2751 2812 2824 2832 2843 2845 2863 2886 2898 2915 2936 2937 3013 3015 3041 3105 3107 3131 3175 3185 3191 3230 3235 3254 3282 3308 3349 3360 3400 3402 3425 3440 3460 3506 3530 3559 3580 3600 3613 3631 3658 3672 3746 3758 3760 3817 3894 3905 3945 3951 3963 4014 4015 4049 4066 4068 4077 4119 4127 4193 4197 4199 4212 4254 4258 4304 4306 4308 4343 4391 4419 4445 4482 4505 4522 4548 4626 4668 4704 4732 4754 4797 4822 4825 4829 4860 4915 5041 5131 5137 5148 5154 5186 5207 5214 5300 5357 5440 5486 5502 5536 5543 5596 5629 5699 5769 5910 5919 5941 5947 6011 6013 6022 6028 6102 6126 6138 6146 6251 6261 6275 6311 6422 6557 6558 6607 6624 6666 6858 6991 7073 7164 7210 7234 9035 9060 9155 9199 9206 9211 9241 9261 9300 9328 9353 9364 9382 9389 9453 9466 9468 9469 9491 9571 9578 9584 9601 9626 9639 9640 9649 9656 9657 9705 9706 9714 9717 9742 9785 9813 9831 9836 9878 9918 9935 9944 9953 9960 9976 9985 10004 10005 10077 10093 10109 10120 10130 10131 10144 10171 10173 10175 10176 10233 10249 10251 10267 10281 11358 11360 
	}
	weather={
	}
}
