
strategic_region={
	id=26
	name="STRATEGICREGION_26"
	provinces={
		17 52 58 79 96 106 107 113 114 115 120 136 152 158 160 167 172 185 195 199 201 203 217 227 240 241 269 276 277 286 309 320 342 344 350 357 358 366 407 423 424 428 431 437 445 450 468 476 483 484 492 498 516 531 579 582 597 602 615 620 621 632 634 638 642 645 656 660 668 670 707 718 723 726 776 778 810 812 815 819 827 838 843 858 892 907 913 967 975 1004 1005 1010 1016 1041 1047 1049 1052 1061 1079 1097 1102 1109 1152 1155 1190 1192 1196 1209 1210 1226 1242 1244 1260 1263 1265 1272 1273 1284 1285 1303 1318 1338 1345 1357 1370 1391 1397 1400 1420 1421 1424 1425 1437 1445 1459 1466 1468 1480 1484 1487 1493 1500 1510 1528 1575 1599 1610 1615 1624 1631 1639 1652 1691 1694 1705 1718 1726 1729 1746 1769 1804 1813 1820 1836 1848 1863 1870 1875 1877 1883 1892 1905 1907 1926 1933 1961 1964 1980 1983 2008 2026 2028 2039 2048 2060 2063 2075 2108 2114 2131 2137 2153 2170 2173 2182 2196 2217 2253 2283 2304 2327 2329 2348 2349 2362 2399 2409 2422 2429 2458 2459 2492 2496 2497 2516 2529 2530 2542 2547 2576 2643 2664 2672 2692 2711 2712 2714 2718 2727 2755 2766 2831 2847 2855 2885 2933 2952 2973 2985 3000 3014 3090 3112 3116 3141 3150 3162 3164 3190 3226 3241 3244 3251 3266 3279 3287 3292 3305 3313 3320 3380 3421 3427 3476 3498 3518 3532 3553 3573 3608 3610 3620 3638 3654 3701 3717 3722 3736 3759 3773 3776 3783 3791 3807 3813 3818 3876 3897 3907 3947 3954 3977 4011 4033 4039 4080 4133 4136 4180 4192 4233 4286 4305 4320 4331 4344 4353 4393 4414 4463 4477 4486 4488 4496 4509 4533 4609 4612 4619 4644 4669 4678 4724 4726 4785 4818 4824 4884 4908 4914 4929 4988 5077 5086 5123 5161 5162 5175 5255 5257 5283 5343 5378 5443 5462 5484 5487 5522 5523 5532 5547 5548 5566 5575 5576 5578 5599 5671 5697 5728 5742 5802 5851 5891 5893 5948 5970 5977 6000 6027 6059 6097 6098 6105 6159 6166 6181 6281 6288 6289 6326 6432 6435 6479 6526 6570 6590 6606 6643 6719 6784 6802 6854 6881 6894 6927 6930 6963 6965 6984 7023 7024 7026 7033 7089 7121 7182 7555 7564 7571 7599 7619 7643 7653 7659 7663 7694 7708 7728 7746 7749 7753 7757 7767 7774 7793 7798 7816 7822 7825 7848 7886 7892 7907 7917 7918 7924 7965 7982 7990 8005 8011 8041 8053 8072 8094 8104 8135 8197 8218 8234 8250 8254 8258 8295 8310 8316 8320 8337 8349 8356 8360 8394 8411 8427 8487 8499 8551 8557 8569 8588 8651 8700 8730 8740 8761 8764 8809 9017 9028 9094 9115 9118 9169 
	}
	weather={
	}
}
