
strategic_region={
	id=27
	name="STRATEGICREGION_27"
	provinces={
		43 66 101 140 151 163 166 233 237 258 278 283 303 345 382 388 414 420 436 504 534 550 551 556 570 572 617 655 665 678 694 700 755 784 824 855 862 866 915 930 954 1007 1040 1051 1060 1074 1139 1145 1157 1186 1193 1237 1286 1304 1327 1358 1376 1422 1457 1463 1509 1543 1586 1587 1601 1627 1656 1664 1672 1700 1725 1754 1773 1925 1958 2000 2049 2068 2092 2095 2107 2112 2122 2154 2311 2314 2353 2388 2403 2428 2457 2561 2567 2582 2592 2593 2605 2618 2669 2676 2678 2697 2708 2732 2822 2826 2835 2841 2860 2948 2949 2971 2977 3081 3086 3095 3158 3236 3302 3397 3433 3435 3441 3444 3455 3623 3640 3642 3647 3666 3735 3756 3836 3893 3898 3971 3978 4008 4070 4140 4182 4198 4243 4256 4270 4274 4390 4429 4431 4525 4568 4617 4781 4811 5027 5045 5063 5090 5129 5192 5233 5245 5249 5321 5393 5411 5534 5565 5734 5743 5805 5998 6043 6078 6127 6182 6378 6425 6470 6592 6613 6769 6838 6839 6955 7020 7031 7187 7221 8810 8845 8888 8982 9029 9040 9062 9084 9136 9187 9200 9224 9249 9272 9291 9306 9329 9337 9354 9379 9428 9437 9456 9474 9479 9513 9597 9659 9677 9688 9701 9724 9736 9753 9801 9891 
	}
	weather={
	}
}
