
strategic_region={
	id=30
	name="STRATEGICREGION_30"
	provinces={
		1 22 28 38 65 124 139 177 252 267 296 304 327 353 400 456 458 480 495 539 573 591 594 626 663 673 699 749 753 771 786 801 803 808 836 859 888 927 943 946 961 999 1008 1083 1086 1089 1096 1133 1231 1266 1298 1346 1365 1377 1378 1426 1443 1450 1479 1486 1492 1519 1531 1589 1597 1648 1690 1747 1816 1850 1914 1942 1993 2018 2023 2050 2101 2111 2161 2227 2229 2252 2293 2315 2333 2342 2352 2398 2408 2418 2426 2462 2472 2480 2514 2519 2553 2610 2621 2626 2654 2684 2704 2707 2724 2743 2782 2830 2879 2891 2917 2997 3091 3124 3132 3134 3144 3187 3267 3271 3276 3343 3344 3540 3554 3557 3575 3602 3752 3879 3882 3900 4017 4099 4128 4151 4279 4325 4367 4386 4692 4715 4756 4854 5003 5004 5049 5111 5114 5166 5405 5501 6121 6176 6328 6338 6354 6459 6536 6554 6656 6792 6794 6878 6907 7244 7252 7258 9856 9900 9904 9948 9958 9980 9987 10009 10027 10047 10084 10103 10106 10118 10234 10250 10288 10289 10297 10312 10334 10357 10392 10401 10423 10445 10462 10498 11440 11441 
	}
	weather={
	}
}
