
strategic_region={
	id=31
	name="STRATEGICREGION_31"
	provinces={
		4 8 11 14 19 54 89 91 109 122 143 209 247 275 290 293 306 316 317 332 433 444 475 509 542 561 562 598 607 625 627 661 666 683 692 732 736 746 775 782 797 817 834 878 890 899 937 960 964 1012 1116 1130 1172 1223 1251 1252 1323 1369 1374 1375 1406 1412 1414 1438 1506 1518 1545 1558 1592 1629 1661 1699 1710 1722 1737 1740 1763 1778 1824 1859 1888 1930 1959 1967 2058 2065 2128 2184 2244 2439 2453 2508 2625 2677 2687 2768 2770 2774 2795 2922 2924 3026 3043 3072 3089 3109 3136 3200 3346 3351 3372 3446 3503 3536 3673 3678 3679 3774 3829 3841 3843 3917 3952 3958 4019 4103 4121 4176 4230 4342 4360 4363 4409 4438 4553 4576 4583 4633 4637 4672 4702 4757 4934 5115 5120 5121 5136 5236 5240 5272 5301 5302 5323 5352 5383 5421 5422 5455 5678 5719 5727 5880 6046 6248 6348 6400 6591 6635 6653 6675 6790 6796 6924 6954 7122 7192 8032 8065 8083 8237 8240 8293 8500 8527 8563 8644 8691 8767 8814 8852 8942 9032 9074 9137 9173 9232 9246 9264 9283 9296 9334 9423 9490 9492 9503 9730 9796 9797 11325 11326 11327 11328 11329 11330 11331 11332 11333 11334 11336 11337 11339 11340 11341 11342 11345 11346 11347 11348 11349 11351 11353 11354 11355 11356 11357 11359 11361 11365 11367 11368 11370 11373 11374 11375 11376 11377 11378 11379 11380 11381 11442 11443 11444 
	}
	weather={
	}
}
