
strategic_region={
	id=32
	name="STRATEGICREGION_32"
	provinces={
		62 123 170 180 216 315 368 369 578 724 731 734 759 805 806 1105 1171 1292 1312 1415 1497 1522 1564 1886 1893 1917 2053 2083 2106 2216 2274 2307 2414 2470 2748 2762 2778 2865 2880 2975 3114 3207 3301 3409 3458 3459 3466 3504 3514 3682 3686 3724 3747 3757 3924 3955 4028 4104 4117 4280 4987 5007 5073 5194 5212 5857 5955 6255 6442 6504 6680 7075 7727 7777 9102 9242 9265 9287 9370 9371 9414 9424 9495 9552 9579 9641 9722 9771 10117 10128 10133 10202 10226 10230 10241 10698 10699 10700 
	}
	weather={
	}
}
