
strategic_region={
	id=33
	name="STRATEGICREGION_33"
	provinces={
		90 118 181 239 256 266 281 425 523 585 649 681 756 905 1310 1359 1462 1525 1546 1570 1677 1695 1796 1860 2034 2062 2103 2187 2199 2381 2527 2783 2794 2799 2823 2859 2901 2906 3060 3225 3291 3333 3417 3470 3709 4023 4115 4148 4281 4307 4315 4439 4493 4551 4686 4690 4706 4836 5033 5072 5415 5571 5633 5766 5839 6040 6427 6500 6573 6628 6682 6806 6872 6882 6883 7049 7055 7211 7595 7597 7602 7633 7647 7676 7682 8299 8464 8552 8606 8686 8886 9052 9177 9194 10205 10242 11008 11338 11350 11364 11371 11372 11382 
	}
	weather={
	}
}
