
strategic_region={
	id=35
	name="STRATEGICREGION_35"
	provinces={
		55 165 767 996 1248 1290 1363 1435 1676 1687 1997 2127 2179 2299 2566 2723 2808 2966 3137 3385 3394 3401 3463 3465 3507 3571 3586 3619 3806 3942 3961 4016 4108 4142 4201 4252 4293 4302 4538 4571 4820 4930 5012 5124 5149 5152 5216 5309 5364 5432 5569 5574 5612 5644 5674 5706 5720 5735 5759 5776 5897 5901 6007 6016 6051 6057 6066 6086 6150 6212 6231 6260 6341 6358 6415 6418 6464 6485 6604 6633 6739 6744 6765 6768 6817 6899 6914 6953 6956 6960 6981 6985 7002 7006 7008 7027 7081 7141 7185 7188 7245 7263 7288 7289 7291 7292 7293 7294 7295 7296 7298 7300 7302 7307 7315 7316 7320 7329 7330 7332 7334 7335 7336 7341 7342 7343 7344 7346 7347 7350 7352 7353 7355 7359 7360 7361 7368 7369 7370 7372 7373 7375 7376 7378 7382 7383 7384 7385 7386 7387 7389 7392 7396 7400 7402 7403 7405 7406 7407 7410 7412 7415 7416 7419 7421 7423 7424 7425 7428 7429 7430 7431 7433 7437 7438 7439 7440 7441 7442 7446 7447 7449 7450 7451 7453 7454 7459 7464 7465 7466 7467 7468 7475 7476 7477 7478 7480 7483 7488 7493 7494 7497 7498 7502 7503 7504 7506 7507 7509 7510 7511 7513 7517 7518 7520 7525 7528 7529 7530 7533 7536 7537 7538 7541 7542 7546 7547 7548 7549 7553 7557 7558 7561 7562 7563 7570 7573 7577 7578 7580 7581 7586 7587 7591 7593 7594 7605 7610 7612 7614 7621 7631 7634 7644 7649 7650 7664 7667 7670 10792 10961 11044 
	}
	weather={
	}
}
