
strategic_region={
	id=37
	name="STRATEGICREGION_37"
	provinces={
		6 10 12 16 27 34 47 48 56 57 60 68 74 83 87 94 99 108 132 144 174 176 183 184 187 198 206 214 282 297 305 307 311 312 326 336 343 347 356 360 362 364 376 397 408 419 426 449 488 518 529 533 547 567 575 581 590 592 595 604 605 616 635 650 667 676 679 685 689 713 715 730 777 804 811 870 883 887 914 932 935 959 972 988 1011 1025 1027 1038 1094 1099 1113 1115 1131 1134 1142 1184 1206 1218 1229 1234 1239 1240 1262 1278 1291 1308 1314 1315 1321 1351 1395 1403 1418 1427 1447 1456 1526 1538 1542 1552 1559 1567 1573 1581 1609 1669 1684 1688 1706 1724 1736 1750 1785 1791 1797 1799 1802 1806 1819 1835 1849 1862 1874 1878 1879 1918 1919 1922 1923 1937 1938 1943 1950 1952 1996 2002 2009 2014 2044 2046 2105 2145 2171 2192 2201 2206 2251 2301 2343 2345 2367 2394 2401 2420 2431 2436 2443 2471 2489 2545 2546 2557 2571 2578 2587 2596 2607 2624 2642 2699 2728 2759 2764 2844 2869 2876 2908 2920 2945 2969 3009 3023 3030 3035 3051 3084 3097 3106 3117 3128 3143 3161 3177 3184 3203 3212 3233 3299 3342 3367 3382 3384 3392 3403 3436 3517 3545 3549 3558 3568 3583 3589 3611 3634 3688 3702 3715 3716 3719 3821 3830 3832 3931 3999 4005 4057 4094 4113 4187 4237 4263 4301 4396 4400 4411 4433 4500 4526 4529 4549 4581 4593 4627 4631 4682 4691 4730 4753 4755 4790 4804 4873 4883 5025 5157 5180 5228 5252 5273 5375 5395 5412 5414 5508 5593 5652 5794 5818 5846 5859 5940 6032 6065 6205 6211 6245 6258 6316 6408 6455 6465 6489 6617 6630 6631 6661 6754 6771 6896 7061 7113 7136 7231 7283 7284 7285 7286 7287 7290 7299 7305 7309 7313 7314 7338 7362 7367 7371 7391 7414 7457 7458 7472 7481 7485 7489 7490 7523 7524 7550 7567 7574 7603 7625 7629 7641 7646 7668 7673 7685 7702 7710 7719 7729 7740 7754 7761 7766 7789 7840 7846 7893 7969 8048 8086 8145 8151 8177 8231 8255 8266 8279 8543 8614 8654 
	}
	weather={
	}
}
