
strategic_region={
	id=38
	name="STRATEGICREGION_38"
	provinces={
		75 464 513 765 800 841 900 902 1072 1129 1458 1501 1594 1642 1873 1989 2405 2720 2721 2788 2934 2939 2956 3040 3192 3246 3297 3405 3485 3561 3761 3801 3833 3948 4037 4050 4072 4165 4348 4507 4594 4802 4813 5160 5518 5594 5634 5696 5750 5796 6017 6064 6082 6119 6125 6307 6467 6502 6566 6584 6651 6800 6803 6865 6908 7084 7105 7161 8898 8951 9007 9009 9023 9030 9080 9096 9109 9116 9141 9160 9167 9226 9234 9268 10762 10899 11288 11458 11459 
	}
	weather={
	}
}
