
strategic_region={
	id=39
	name="STRATEGICREGION_39"
	provinces={
		41 82 141 154 186 218 223 264 346 399 401 507 543 560 577 640 686 763 795 832 889 904 916 934 944 945 965 974 1077 1138 1269 1283 1339 1354 1389 1517 1569 1617 1620 1670 1703 1741 1786 1817 1909 2043 2124 2211 2292 2366 2437 2559 2583 2695 2740 2744 2802 2805 2884 2909 3057 3083 3140 3213 3334 3423 3461 3472 3488 3538 3550 3556 3641 3653 3754 3788 3825 3881 3944 3962 3964 3966 4021 4060 4154 4157 4203 4260 4380 4480 4530 4539 4904 4936 5009 5020 5039 5076 5108 5259 5299 5319 5327 5407 5408 5479 5493 5882 6075 6085 6325 6340 6368 6469 6477 6505 6601 6611 6767 6859 6895 6996 7143 7156 7165 7181 8930 8987 9024 9057 9064 9075 9081 9090 9103 9112 9117 9123 9135 9152 9161 9164 9174 9175 9184 9186 9195 9196 9205 9210 9219 9221 9230 9256 9266 9280 9284 9295 9297 9298 9308 9310 9314 9324 9325 9345 9346 9349 9357 9359 
	}
	weather={
	}
}
