
strategic_region={
	id=4
	name="STRATEGICREGION_4"
	provinces={
		1654 2636 6070 6441 10138 10180 10200 10211 10252 10711 10716 10724 10725 10726 10734 10741 10746 10748 10760 10766 10767 10774 10776 10778 10780 10784 10787 10794 10795 10802 10804 10805 10810 10823 10824 10836 10840 10847 10852 10854 10856 10857 10858 10867 10881 10891 10893 10896 10905 10908 10914 10918 10930 10931 10951 10962 10968 10971 10980 10989 10998 11004 11020 11021 11024 11027 11054 11055 11063 11068 11072 11074 11090 11099 11115 11116 11123 11128 11135 11154 11157 11160 11168 11169 11177 11182 11197 11199 11200 11211 11234 11238 11255 11264 11265 11272 11279 11285 11289 11291 11292 11297 11301 11305 11307 
	}
	weather={
	}
}
