
strategic_region={
	id=43
	name="STRATEGICREGION_43"
	provinces={
		39 212 248 251 260 329 612 986 993 1042 1182 1274 1324 1423 1784 1906 2223 2247 2380 2456 2469 2479 2484 2570 2597 2752 2790 2814 3194 3323 3617 3786 3856 3887 3956 4131 4179 4210 4318 4401 4506 4688 4921 5024 5074 5168 5199 5206 5210 5533 5581 5659 5793 5863 5868 6002 6361 6437 6524 6539 6699 6724 6745 6770 6980 7035 7135 7256 7933 7949 7964 7984 8006 8051 8066 8067 8091 8111 8129 8136 8137 8146 8147 8154 8155 8162 8163 8166 8168 8169 8172 8178 8179 8185 8186 8191 8199 8202 8203 8205 8209 8219 8223 8225 8242 8246 8262 8296 8324 8370 8388 8392 8393 8429 
	}
	weather={
	}
}
