
strategic_region={
	id=5
	name="STRATEGICREGION_5"
	provinces={
		586 922 1003 1256 1408 1524 1987 2194 2700 3130 3178 3862 4120 4156 4211 4271 4519 4521 4563 4584 4615 4697 4744 4794 4880 5047 5239 5251 5340 5641 5643 5670 5798 5815 5935 6039 6208 6235 6250 6256 6265 6678 6807 6852 6863 6989 7018 7103 7108 7170 8056 8058 8070 8074 8080 8093 8109 8120 8124 8125 8144 8149 8164 8174 8181 8188 8195 8201 8212 8220 8239 8243 8248 8271 8275 8281 8290 8319 8325 8334 8339 8348 8350 8355 8364 8374 8385 8386 8396 8408 8410 8419 8423 8425 8430 8434 8440 8442 8443 8444 8456 8457 8476 8478 8485 8496 8497 8498 8503 8516 8526 8544 8568 8577 11424 11425 11428 
	}
	weather={
	}
}
