
strategic_region={
	id=50
	name="STRATEGICREGION_50"
	provinces={
		49 323 355 371 438 443 446 486 538 652 703 735 791 796 1063 1141 1212 1215 1540 1768 1794 2035 2054 2110 2254 2447 2463 2488 2539 2541 2631 2640 2690 2715 2719 2758 2848 2935 2982 3171 3298 3375 3449 3646 3699 3749 3771 3812 3845 3875 4003 4007 4024 4041 4079 4174 4214 4259 4291 4484 4518 4602 4635 4657 4965 5019 5176 5177 5181 5217 5639 5667 5709 5711 5726 5777 5892 5987 6192 6309 6381 6511 6693 6778 6816 6836 6862 6922 6962 6997 7013 7086 7091 7125 7133 7208 7238 7304 7306 7310 7311 7319 7322 7324 7325 7326 7327 7328 7340 7354 7356 7357 7358 7363 7365 7366 7381 7388 7393 7399 7422 7445 7455 7471 7474 7486 7496 7501 7508 7515 7545 7560 7565 7569 7575 7585 7604 7608 
	}
	weather={
	}
}
