
strategic_region={
	id=6
	name="STRATEGICREGION_6"
	provinces={
		271 750 955 1035 1100 1124 1187 1282 1613 2150 2312 2316 2646 3237 3616 3744 3985 4040 4137 4220 4323 4460 4502 4650 4752 5014 5104 5105 5345 5483 5526 5694 5819 5962 5982 5988 6100 6268 6444 6454 6458 6575 6598 6662 6663 6676 6688 6856 6952 7088 7093 8596 8626 8627 8641 8660 8661 8698 8703 8706 8716 8735 8739 8743 8744 8752 8766 8773 8779 8793 8795 8796 8800 8802 8803 8807 8815 8816 8826 8834 8842 8879 8880 8894 8902 8920 8927 8928 8946 8955 8962 8968 8970 8975 8977 8989 8997 8998 9001 9011 
	}
	weather={
	}
}
