
strategic_region={
	id=72
	name="STRATEGICREGION_72"
	provinces={
		10712 10727 10730 10737 10738 10740 10745 10759 10768 10769 10771 10782 10820 10826 10850 10864 10874 10886 10916 10919 10920 10923 10926 10927 10952 10953 10957 10959 10970 10972 10979 10982 10986 10990 10999 11015 11016 11017 11028 11036 11041 11049 11050 11051 11057 11088 11091 11095 11100 11103 11130 11137 11146 11148 11153 11164 11174 11196 11242 11247 11253 11260 11261 11270 11299 11302 11304 11322 11323 11474 
	}
	weather={
	}
}
