
strategic_region={
	id=8
	name="STRATEGICREGION_8"
	provinces={
		1022 1628 2681 3195 3196 3325 3339 3348 3386 3404 3497 3596 3930 3932 3953 4236 4462 4516 4874 4925 5118 5155 5170 5290 5466 5472 5765 5784 5951 6005 6042 6087 6385 6449 6734 6785 6798 6833 6964 7050 7262 8677 8702 8721 8733 8757 8769 8771 8777 8778 8783 8784 8785 8791 8801 8812 8822 8832 8833 8836 8838 8849 8850 8856 8862 8868 8876 8877 8878 8883 8884 8887 8908 8909 8911 8934 8935 8940 8944 8950 8961 8965 8969 8972 8973 8979 8985 8986 8988 8993 8994 9000 9004 9005 9008 9010 9014 9018 
	}
	weather={
	}
}
