
strategic_region={
	id=9
	name="STRATEGICREGION_9"
	provinces={
		81 618 622 737 1253 1331 1380 1411 1467 1502 1549 1689 1702 1851 1853 2055 2169 2225 2809 2819 2829 2984 2992 3065 3127 3156 3160 3263 3330 3347 3453 3493 3513 3535 3636 3912 4062 4208 4213 4226 4241 4248 4267 4624 4666 4710 4748 4783 4807 4821 4919 4927 4949 4996 5054 5057 5163 5469 5509 5524 5583 5627 5666 5741 5751 5820 5827 5952 5983 6014 6049 6060 6073 6154 6221 6228 6284 6297 6332 6406 6414 6446 6460 6473 6474 6585 6602 6614 6629 6638 6647 6652 6695 6726 6808 6873 6979 7038 7116 7119 7120 7167 7199 7227 7237 7259 8024 8031 8033 8046 8052 8063 8084 8088 8096 8112 8118 8119 8121 8133 8134 8139 8143 8148 8156 8167 8170 8173 8180 8193 8210 8211 8216 8222 8228 8233 8235 8247 8252 8257 8263 8270 8274 8276 8277 8285 8288 8294 8297 8302 8315 8318 8327 8328 8329 8330 8332 8343 8358 8359 8362 8363 8384 8389 8402 8406 8407 8409 8433 8438 8439 8441 8451 8455 8468 8473 8474 8477 8488 8504 8510 8515 8533 8538 8540 8541 8555 8556 8576 8581 8584 8585 8592 8597 8611 8616 8620 8621 8646 8659 8671 8678 8684 8694 8705 8713 8722 8758 
	}
	weather={
	}
}
