1 128 
1 163 
1 230 
1 273 
1 339 
1 358 
1 379 
1 460 
1 532 
1 594 
1 681 
1 721 
1 736 
1 870 
1 879 
1 1012 
1 1051 
1 1061 
1 1068 
1 1077 
1 1090 
1 1152 
1 1243 
1 1250 
1 1388 
1 1478 
1 1515 
1 1550 
1 1754 
1 1796 
1 1818 
1 1876 
1 1917 
1 1928 
1 1991 
1 2000 
1 2050 
1 2083 
1 2121 
1 2187 
1 2280 
1 2283 
1 2337 
1 2357 
1 2389 
1 2418 
1 2480 
1 2614 
1 2638 
1 2725 
1 2750 
1 2799 
1 2814 
1 2822 
1 2877 
1 2884 
1 2915 
1 2917 
1 3030 
1 3150 
1 3163 
1 3176 
1 3226 
1 3232 
1 3279 
1 3289 
1 3304 
1 3309 
1 3353 
1 3421 
1 3617 
1 3647 
1 3655 
1 3816 
1 3894 
1 3953 
1 4020 
1 4032 
1 4045 
1 4046 
1 4206 
1 4219 
1 4253 
1 4325 
1 4382 
1 4383 
1 4460 
1 4465 
1 4506 
1 4780 
1 4829 
1 4958 
1 4967 
1 5124 
1 5136 
1 5163 
1 5209 
1 5224 
1 5248 
1 5444 
1 5577 
1 5620 
1 5691 
1 5700 
1 5768 
1 5783 
1 5788 
1 5827 
1 5898 
1 5910 
1 5966 
1 6121 
1 6141 
1 6181 
1 6211 
1 6256 
1 6504 
1 6631 
1 6663 
1 6670 
1 6704 
1 6744 
1 6792 
1 6794 
1 6843 
1 6852 
1 7047 
1 7141 
1 7143 
1 7201 
1 7349 
1 7408 
1 7506 
1 7597 
1 7670 
1 7727 
1 7745 
1 7752 
1 7768 
1 7820 
1 7828 
1 7855 
1 7870 
1 7987 
1 8002 
1 8055 
1 8082 
1 8103 
1 8109 
1 8120 
1 8144 
1 8158 
1 8181 
1 8199 
1 8228 
1 8253 
1 8264 
1 8296 
1 8334 
1 8350 
1 8351 
1 8441 
1 8460 
1 8478 
1 8506 
1 8550 
1 8562 
1 8568 
1 8690 
1 8708 
1 8719 
1 8785 
1 8974 
1 9067 
1 9084 
1 9182 
1 9224 
1 9489 
1 9568 
1 9694 
1 9926 
1 9949 
1 10003 
1 10043 
1 10211 
1 10414 
1 10435 
1 10618 
1 11482 
