state={
	id=130
	name="STATE_130"
	
	history={
		owner = CAL
		buildings = {
			infrastructure = 10
		}
		
		add_core_of = CAL
		
	}
	
	provinces={
		1170 1204 1647 1868 1880 1979 2157 2202 2507 2512 3197 3651 3721 4185 4557 4736 4835 4837 4979 4982 5035 5169 5262 5314 5374 5409 5738 5825 5861 6034 6219 6530 6595 6597 6626 6655 6659 6672 6681 7012 7132 9082 9086 9095 9100 9110 9179 9180 9185 9201 9202 9220 9222 9236 9237 9240 9259 9278 9302 9312 9338 9355 9399 9411 9422 9435 9444 9449 9458 9478 9480 9496 9510 9533 9537 
	}
	manpower=1000
	buildings_max_level_factor=1.000
	state_category=rural
}
