
state={
	id=179
	name="STATE_179"
	
	history={
		owner = EUS
		buildings = {
			infrastructure = 10
		}
		add_core_of = EUS	
	}
	
	provinces={
		76 451 1228 1470 1536 1614 1681 1744 1843 2077 2260 2499 2666 2735 2857 3027 3125 3487 3668 3870 3910 3916 4228 4238 4356 4365 4373 4392 4464 5061 5276 5289 5404 5428 5447 5656 6004 6036 6092 6149 6351 6353 6495 6717 6837 9497 9499 9511 9516 9519 9547 9574 9582 9602 9625 9634 9653 9684 9704 9708 9711 9737 9739 9764 9783 9809 9818 9833 
	}
	manpower=1000
	buildings_max_level_factor=1.000
	state_category=rural
}
