state={
	id=180
	name="STATE_180"
	
	history={
		owner = EUS
		add_core_of = EUS
		buildings = {
			arms_factory = 0
			industrial_complex = 0
			
			infrastructure = 6
			air_base = 0
			anti_air_building = 0
			radar_station = 0	
		}
	}
	
	provinces={
		80 173 270 330 454 564 641 711 714 956 962 985 990 1350 1428 1444 1550 1755 1770 1779 1844 1861 1869 1975 2047 2197 2385 2645 2771 3033 3093 3121 3148 3256 3258 3259 3369 3489 3510 3511 3525 3537 3632 3655 3674 3687 3718 3750 3753 3957 3994 4009 4126 4149 4153 4246 4430 4473 4501 4528 4556 4561 4564 4701 4777 4849 4864 4867 4887 4932 5002 5094 5106 5132 5190 5338 5401 5416 5446 5480 5496 5504 5635 5800 5864 5869 5956 6026 6052 6151 6183 6243 6287 6299 6476 6579 6605 6648 6677 6713 6718 6733 6875 6876 7007 7069 7095 7114 7169 7178 7247 9034 9051 9089 9128 9149 9154 9172 9183 9209 9229 9248 9262 9263 9275 9276 9293 9319 9333 9339 9343 9351 9361 9375 9381 9388 9402 9408 9412 9413 9443 9445 9452 9455 9460 9463 9471 9473 9481 9482 9493 9506 9520 9521 9538 9542 9550 9551 9576 9577 9583 9588 9606 9610 9631 9636 9651 9661 9662 9664 9674 9676 9682 9721 
	}
	manpower=250000
	buildings_max_level_factor=1.000
	state_category=town
}
