state={
	id=181
	name="STATE_181"
	
	local_supplies=0.0 
	
	history={
		owner = EUS
		add_core_of = EUS
		buildings = {
			arms_factory = 0
			industrial_complex = 0
			
			infrastructure = 6
			air_base = 0
			anti_air_building = 0
			radar_station = 0	
		}
	}
	
	provinces={
		196 225 465 494 733 864 948 1092 1311 1366 1555 1577 1667 1675 1955 2022 2099 2136 2412 2416 2562 2651 2780 2964 3080 3153 3179 3222 3614 3670 3727 3785 3789 3794 3914 3943 4207 4364 4451 4630 4721 4787 4876 4960 4962 5092 5158 5222 5376 5475 5579 5608 5618 5632 5781 5844 6030 6174 6236 6423 6428 6552 6556 6757 6938 6949 6974 7092 7148 7183 7203 7246 9038 9039 9044 9045 9046 9048 9056 9065 9071 9072 9083 9091 9093 9098 9106 9107 9113 9122 9124 9125 9127 9133 9140 9142 9158 9171 9182 9203 9212 9239 9267 9271 9289 9290 9292 9299 9304 9305 9313 9320 9350 9352 9360 9369 9374 9406 9434 9440 
	}
	manpower=100000
	
	state_category=rural
}
