state={
	id=192
	name="STATE_192"
	
	history={
		owner = EUS
		add_core_of = EUS
		buildings = {
			arms_factory = 0
			industrial_complex = 0
			
			infrastructure = 6
			air_base = 0
			anti_air_building = 0
			radar_station = 0	
		}
		victory_points = { 2516 10 }
		victory_points = { 227 10 }
	}
	
	provinces={
		106 152 172 203 227 309 358 407 450 468 531 602 656 723 858 907 913 1005 1052 1097 1109 1263 1265 1391 1424 1599 1610 1615 1639 1694 1804 1863 1883 1905 2114 2349 2399 2429 2458 2516 2530 2542 2847 2952 3090 3380 3421 3427 3498 3518 3638 3701 3722 3791 4011 4192 4286 4344 4393 4477 4488 4509 4669 4726 4824 4908 5077 5532 5742 5970 6105 6289 6479 6643 6894 6927 6963 6965 6984 7023 8316 8320 8356 8394 8411 8588 8651 8761 8809 9017 9028 9094 9115 9118 9169 
	}
	manpower=500000
	buildings_max_level_factor=1.000
	state_category=town
}
