state={
	id=193
	name="STATE_193"
	
	local_supplies=0.0 
	
	history={
		owner = EUS
		add_core_of = EUS
		buildings = {
			arms_factory = 0
			industrial_complex = 0
			
			infrastructure = 6
			air_base = 0
			anti_air_building = 0
			radar_station = 0	
		}
	}
	
	provinces={
		58 79 107 113 185 195 199 241 277 286 342 350 424 431 437 484 597 634 642 660 670 707 778 812 815 827 843 967 1016 1041 1061 1079 1155 1190 1226 1244 1370 1425 1445 1459 1466 1468 1484 1487 1493 1500 1528 1575 1624 1691 1705 1729 1870 1877 1892 1907 1926 1961 1980 2008 2039 2075 2108 2137 2153 2182 2304 2362 2409 2422 2492 2497 2576 2672 2727 2766 2985 3000 3014 3190 3226 3241 3305 3608 3736 3759 3773 3776 3783 3807 3907 3954 4033 4039 4080 4136 4180 4233 4331 4353 4463 4496 4533 4609 4678 4724 4785 4884 5161 5162 5175 5283 5343 5378 5443 5462 5484 5523 5547 5578 5599 5671 5851 5891 6000 6027 6097 6098 6166 6281 6526 6570 6590 6606 6784 6802 6854 7033 7089 7555 7619 7653 7659 7708 7728 7746 7749 7793 7798 7816 7825 7848 7907 7917 7924 7965 8005 8041 8053 8072 8094 8135 8218 8250 8258 8310 
	}
	manpower=1000000
	
	state_category=town
}
