state={
	id=195
	name="STATE_195"
	provinces={
		146 190 205 221 434 511 519 520 541 565 587 721 798 881 884 963 997 1068 1075 1337 1347 1388 1432 1580 1659 1685 1777 1885 1887 1954 2025 2159 2176 2257 2332 2415 2525 2832 2898 2915 2936 3013 3105 3282 3402 3506 3530 3580 3600 3817 3951 4127 4193 4254 4343 4419 4668 4822 4829 4860 5154 5214 5357 5502 5629 5910 5919 5941 6102 6126 6311 6422 6557 6607 6624 7210 9831 9918 9944 9985 10077 10109 10130 10171 10175 10249 
	}
	manpower=1000
	buildings_max_level_factor=1.000
	state_category=rural
}
