state={
	id=196
	name="STATE_196"
	
	local_supplies=0.0 
	
	history={
		owner = EUS
		add_core_of = EUS
		buildings = {
			arms_factory = 0
			industrial_complex = 0
			
			infrastructure = 1
			air_base = 0
			anti_air_building = 0
			radar_station = 0	
		}
	}
	
	provinces={
		18 53 77 171 230 259 289 328 331 524 544 610 691 696 770 906 920 969 976 1030 1219 1264 1410 1461 1488 1788 1826 1929 1972 1990 2071 2074 2098 2177 2183 2190 2288 2330 2523 2614 2647 2663 2725 2845 2937 3041 3107 3131 3191 3230 3349 3559 3658 3760 3945 3963 4015 4066 4077 4197 4199 4212 4258 4505 4548 4626 5041 5131 5137 5148 5300 5543 5699 6013 6251 7073 9785 9813 9836 9878 9935 9953 9960 9976 10004 10005 10093 10120 10131 10144 10173 10176 10233 10251 10267 10281 
	}
	manpower=1000000
	
	state_category=town
}
