state={
	id=198
	name="STATE_198"
	
	history={
		owner = EUS
		buildings = {
			infrastructure = 10
		}
		add_core_of = EUS	
	}
	
	provinces={
		37 63 72 92 93 97 142 147 193 194 235 257 262 287 335 359 381 391 403 417 447 455 526 530 532 545 546 571 643 651 675 677 680 684 739 764 766 769 871 896 918 1009 1033 1067 1091 1106 1136 1151 1176 1257 1267 1280 1371 1373 1404 1433 1436 1465 1537 1554 1591 1678 1679 1757 1772 1864 1876 1890 1992 2109 2195 2221 2239 2249 2258 2262 2275 2276 2375 2400 2476 2502 2580 2637 2649 2694 2749 2797 2816 2954 2968 2994 3037 3048 3101 3145 3232 3272 3336 3477 3539 3552 3565 3694 3739 3743 3808 3810 3852 3885 3993 4020 4027 4125 4218 4227 4497 4606 4648 4760 4817 4827 4881 4946 4972 5029 5232 5242 5250 5265 5448 5507 5584 5834 5909 5995 6140 6147 6155 6193 6216 6294 6522 6527 6589 6774 7044 7047 7052 7063 7078 7149 7160 9910 10049 10102 10110 10188 10191 10253 10274 10291 10307 10310 10323 10326 10340 10350 10363 10390 10406 10409 10419 10437 10488 10512 10555 10592 10615 
	}
	manpower=1000
	buildings_max_level_factor=1.000
	state_category=rural
}
