state={
	id=201
	name="STATE_201"
	
	history={
		owner = EUS
		buildings = {
			infrastructure = 10
		}
		add_core_of = EUS	
	}
	
	provinces={
		140 345 382 534 556 570 678 824 855 862 1007 1051 1074 1237 1286 1358 1422 1587 1627 1725 1925 2049 2068 2092 2311 2314 2353 2428 2618 2669 2822 2841 2948 2971 2977 3081 3086 3455 3898 4008 4198 4274 4431 4525 4811 5321 5393 5534 6425 6592 6613 6838 7221 8888 8982 9040 9062 9200 9224 9291 9306 9329 
	}
	manpower=1000
	buildings_max_level_factor=1.000
	state_category=rural
}
