state={
	id=203
	name="STATE_203"
	
	history={
		owner = EUS
		buildings = {
			infrastructure = 10
		}
		add_core_of = EUS	
	}
	
	provinces={
		114 167 357 483 579 582 615 621 638 718 819 892 975 1152 1242 1273 1318 1345 1397 1400 1420 1437 1510 1813 1933 2026 2028 2063 2196 2253 2283 2329 2496 2664 2711 2718 3112 3116 3287 3292 3313 3320 3476 3610 3654 3897 3947 3977 4305 4320 4486 5086 5257 5728 6159 6432 6930 7026 7121 7564 7571 7643 7663 7694 7753 7767 7822 7892 7982 7990 8011 
	}
	manpower=1000
	buildings_max_level_factor=1.000
	state_category=rural
}
