state={
	id=247
	name="STATE_247"
	
	local_supplies=0.0 
	
	history={
		owner = MEX
		add_core_of = MEX
		buildings = {
			arms_factory = 0
			industrial_complex = 0
			
			infrastructure = 6
			air_base = 0
			anti_air_building = 0
			radar_station = 0	
		}
	}
	
	provinces={
		393 845 1335 1364 1846 1852 2033 2096 2186 2205 2270 2368 2466 2731 2872 3042 3135 3172 3319 3419 3468 3899 4092 4284 4461 4603 4604 4681 4877 4935 5119 5200 5253 5326 5342 5406 5430 5434 5449 5527 5561 5567 5653 5701 5914 5933 5959 5985 6077 6130 6179 6189 6263 6266 6291 6426 6747 6756 6776 6804 10568 10572 10573 10579 10580 10582 10586 10590 10595 10598 10601 10602 10613 10614 10617 10625 10629 10630 10632 10644 10657 10658 10666 10670 10673 10676 10677 10680 10687 10689 
	}
	manpower=800000
	
	state_category=town
}
