state={
	id=248
	name="STATE_248"
	
	local_supplies=0.0 
	
	history={
		owner = MEX
		add_core_of = MEX
		buildings = {
			arms_factory = 0
			industrial_complex = 0
			
			infrastructure = 1
			air_base = 0
			anti_air_building = 0
			radar_station = 0	
		}
	}
	
	provinces={
		313 842 882 1006 1081 1483 1668 1711 1739 1867 1936 2038 2078 2117 2226 2228 2302 2404 2604 2817 2893 2904 2910 2989 3067 3074 3329 3418 3448 3502 3528 3627 3635 3895 4147 4231 4379 4474 4647 4714 4764 4803 4853 4928 5065 5220 5429 5477 5511 5549 5663 5677 5761 5821 5826 5872 6079 6188 6462 6466 6578 6623 6740 6780 6869 6946 7017 7193 10266 10271 10280 10290 10294 10305 10318 10321 10324 10330 10331 10333 10349 10352 10356 10362 10373 10376 10383 10385 10393 10396 10408 10411 10424 10426 10441 10443 10451 10454 10461 10467 10479 10480 10494 10506 10509 10521 10523 10525 10537 10543 10549 10556 
	}
	manpower=3500000
	
	state_category=town
}
