state={
	id=257
	name="STATE_257"
	
	history={
		owner = CAN
		buildings = {
			infrastructure = 10
		}
		victory_points = {
			7526 5
		}
		victory_points = { 
			5768 30
		}
		add_core_of = CAN	
	}
	
	provinces={
		138 374 375 467 500 512 559 647 654 709 744 758 768 831 860 898 921 979 980 1071 1078 1117 1146 1188 1454 1504 1808 1872 1994 2042 2079 2198 2264 2286 2295 2423 2460 2465 2565 2655 2662 2754 2813 2931 3022 3295 3317 3521 3566 3603 3637 3737 3778 3804 3929 3996 4048 4144 4255 4354 4545 4639 5142 5285 5367 5485 5525 5582 5739 5768 5788 5866 6008 6321 6336 6384 6424 6482 6548 6568 6582 6788 6818 6879 6884 6898 6967 7274 7275 7276 7277 7297 7301 7303 7339 7351 7379 7390 7395 7417 7432 7435 7452 7456 7461 7484 7495 7499 7526 7532 7534 7539 
	}
	manpower=1000
	buildings_max_level_factor=1.000
	state_category=rural
}
