state={
	id=262
	name="STATE_262"
	
	history={
		owner = CAN
		buildings = {
			infrastructure = 10
		}
		add_core_of = CAN	
	}
	
	provinces={
		47 48 74 87 174 326 347 376 397 408 419 449 518 533 567 575 635 667 676 730 804 883 932 1011 1134 1218 1291 1308 1315 1581 1684 1706 1785 1835 1874 1950 2009 2046 2431 2578 2624 2699 2728 2844 2869 3035 3143 3203 3299 3342 3436 3545 3611 3634 3830 3931 4113 4396 4400 4593 5025 5180 5228 6631 6661 7061 7136 7283 7305 7313 7391 7414 7457 7481 7485 7489 7523 7524 7646 
	}
	manpower=1000
	buildings_max_level_factor=1.000
	state_category=rural
}
