state={
	id=263
	name="STATE_263"
	
	history={
		owner = CAN
		buildings = {
			infrastructure = 10
		}
		add_core_of = CAN	
	}
	
	provinces={
		60 68 144 206 312 360 364 426 547 590 604 616 650 685 715 887 959 972 1025 1115 1131 1184 1234 1239 1240 1262 1314 1403 1427 1456 1526 1552 1567 1573 1750 1799 1802 1806 1937 2002 2251 2301 2343 2345 2367 2420 2557 2571 2596 2969 3023 3212 3367 3382 3549 3583 3719 3832 4005 4057 4433 4549 4627 4631 4804 5157 5375 5395 5593 5818 5846 5940 6205 6245 6771 7314 7362 7371 7567 7574 7629 7668 7685 7710 7729 7761 7846 7969 8048 8231 
	}
	manpower=1000
	buildings_max_level_factor=1.000
	state_category=rural
}
