state={
	id=264
	name="STATE_264"
	
	history={
		owner = CAN
		add_core_of = CAN
		buildings = {
			arms_factory = 0
			industrial_complex = 0
			
			infrastructure = 6
			air_base = 0
			anti_air_building = 0
			radar_station = 0	
		}
	
		add_core_of = CAN	
	}
	
	provinces={
		6 10 12 16 56 83 99 108 132 176 183 184 198 214 297 305 307 311 343 356 362 488 529 592 595 605 689 713 777 914 935 988 1027 1094 1229 1278 1321 1351 1395 1538 1542 1559 1669 1688 1724 1736 1791 1797 1819 1849 1878 1879 1918 1919 1922 1938 1943 1952 1996 2014 2044 2145 2171 2192 2201 2206 2394 2401 2436 2443 2489 2546 2587 2607 2642 2759 2876 2908 2920 2945 3084 3097 3106 3117 3128 3161 3184 3233 3392 3403 3517 3558 3589 3688 3715 3716 3821 3999 4094 4187 4237 4263 4411 4500 4526 4682 4691 4730 4753 4873 4883 5273 5412 5508 5652 5794 5859 6032 6258 6316 6408 6455 6465 6489 6754 6896 7113 7284 7285 7286 7287 7290 7299 7309 7338 7367 7458 7472 7490 7550 7603 7625 7641 7673 7702 7740 7754 7766 7789 7840 7893 8086 8151 8177 8266 
	}
	manpower=8000000
	buildings_max_level_factor=1.000
	state_category=large_city
}
