
state={
	id=267
	name="STATE_267"
	
	history={
		victory_points = { 11842  50}
		victory_points = { 10414  40}
	}
	
	provinces={
		2 3 7 33 35 44 64 71 73 85 95 100 121 127 133 153 164 175 179 200 207 215 236 249 272 280 284 285 288 363 370 372 377 380 383 384 386 402 404 405 415 422 427 461 472 491 493 506 522 527 540 548 553 563 584 593 599 629 631 653 658 671 687 690 693 695 704 705 706 727 728 741 747 748 754 762 772 787 790 813 818 823 825 849 850 851 852 867 873 885 893 929 941 950 970 971 987 994 1014 1017 1029 1032 1036 1045 1048 1069 1070 1080 1082 1084 1088 1101 1103 1104 1118 1123 1128 1140 1148 1153 1160 1162 1163 1173 1178 1181 1183 1222 1224 1236 1238 1241 1254 1255 1276 1281 1293 1307 1309 1316 1325 1334 1336 1353 1355 1360 1361 1367 1381 1384 1386 1390 1393 1394 1416 1419 1440 1442 1451 1452 1453 1476 1481 1490 1491 1498 1507 1513 1530 1532 1533 1539 1544 1553 1557 1565 1574 1607 1622 1625 1636 1655 1665 1666 1683 1693 1704 1712 1714 1715 1716 1730 1738 1748 1749 1756 1764 1765 1771 1774 1801 1821 1822 1828 1832 1841 1894 1895 1901 1908 1910 1916 1931 1932 1934 1947 1948 1949 1957 1970 1971 1974 1999 2003 2015 2016 2017 2030 2067 2069 2085 2093 2097 2104 2113 2115 2130 2135 2138 2144 2149 2152 2165 2166 2172 2178 2188 2214 2215 2224 2235 2241 2248 2255 2271 2296 2300 2305 2308 2318 2321 2334 2341 2351 2359 2361 2364 2365 2378 2379 2382 2387 2406 2407 2410 2424 2438 2440 2446 2448 2449 2451 2467 2468 2486 2500 2501 2505 2511 2522 2526 2528 2531 2533 2535 2538 2544 2551 2552 2554 2575 2589 2601 2603 2606 2608 2613 2620 2627 2629 2641 2656 2660 2682 2730 2734 2738 2741 2753 2757 2760 2767 2777 2791 2796 2798 2803 2806 2815 2840 2850 2858 2866 2878 2883 2889 2890 2895 2900 2905 2916 2919 2923 2930 2940 2941 2942 2944 2946 2953 2957 2965 2981 2983 3016 3028 3029 3039 3046 3050 3052 3054 3055 3058 3068 3073 3075 3076 3096 3110 3118 3122 3126 3138 3142 3151 3152 3154 3166 3174 3188 3201 3204 3205 3216 3220 3223 3224 3257 3261 3274 3277 3281 3290 3296 3306 3312 3316 3335 3352 3355 3356 3358 3359 3363 3364 3366 3376 3379 3383 3389 3407 3408 3410 3411 3428 3432 3434 3445 3451 3452 3469 3475 3479 3484 3486 3509 3523 3534 3544 3551 3555 3576 3578 3584 3585 3591 3594 3598 3599 3601 3605 3615 3625 3669 3681 3683 3695 3700 3703 3708 3712 3714 3723 3730 3732 3733 3741 3769 3775 3777 3779 3780 3790 3795 3798 3815 3819 3823 3828 3834 3840 3844 3847 3865 3866 3868 3869 3872 3873 3874 3880 3884 3902 3904 3906 3908 3921 3925 3936 3939 3950 3968 3969 3984 3989 3990 3997 4002 4012 4013 4030 4034 4042 4047 4056 4059 4067 4076 4086 4089 4097 4100 4123 4134 4143 4159 4161 4162 4163 4216 4229 4234 4244 4261 4262 4273 4275 4282 4283 4294 4298 4299 4303 4314 4317 4322 4329 4335 4337 4339 4346 4366 4375 4378 4384 4388 4395 4398 4406 4407 4410 4413 4418 4422 4434 4457 4466 4475 4478 4481 4483 4504 4510 4514 4523 4524 4536 4537 4541 4546 4550 4559 4569 4582 4597 4608 4614 4623 4634 4636 4638 4643 4652 4656 4663 4665 4675 4679 4705 4711 4712 4713 4745 4750 4751 4758 4759 4765 4770 4784 4792 4793 4795 4808 4823 4826 4833 4840 4846 4851 4858 4875 4879 4882 4912 4920 4931 4942 4954 4955 4957 4961 4976 4981 4985 4994 4995 5001 5005 5006 5010 5017 5023 5030 5040 5053 5058 5060 5062 5069 5078 5082 5085 5088 5091 5125 5127 5128 5135 5138 5140 5144 5146 5153 5156 5159 5179 5185 5193 5195 5196 5204 5211 5219 5221 5268 5280 5293 5311 5313 5322 5328 5332 5334 5339 5344 5350 5354 5356 5362 5363 5369 5371 5372 5373 5382 5391 5423 5427 5435 5438 5439 5450 5451 5452 5463 5465 5467 5470 5471 5473 5489 5499 5517 5520 5528 5530 5537 5542 5551 5553 5556 5563 5570 5600 5601 5602 5614 5621 5640 5645 5648 5650 5664 5679 5682 5692 5703 5713 5715 5718 5740 5746 5753 5771 5773 5782 5789 5799 5803 5804 5824 5830 5831 5835 5837 5847 5850 5852 5854 5856 5881 5884 5888 5890 5912 5921 5926 5934 5960 5963 5967 5969 5972 5976 5994 6012 6058 6062 6067 6072 6084 6093 6094 6103 6106 6111 6123 6133 6134 6137 6142 6145 6157 6161 6167 6169 6173 6177 6201 6204 6229 6240 6241 6276 6280 6286 6292 6317 6324 6333 6344 6349 6360 6362 6363 6364 6369 6371 6375 6380 6388 6389 6393 6405 6433 6439 6448 6452 6457 6472 6492 6501 6506 6514 6521 6523 6531 6532 6533 6537 6541 6544 6550 6555 6574 6581 6587 6620 6632 6636 6640 6641 6644 6654 6660 6664 6667 6668 6679 6725 6730 6736 6738 6741 6746 6755 6758 6759 6762 6775 6805 6810 6813 6842 6845 6847 6850 6860 6870 6877 6880 6901 6905 6919 6926 6945 6951 6957 6966 6971 6986 6987 6994 6995 6998 7010 7011 7021 7036 7042 7051 7056 7070 7076 7090 7124 7126 7131 7138 7150 7151 7152 7153 7159 7162 7163 7176 7180 7184 7200 7202 7206 7209 7213 7225 7228 7232 7240 7250 7251 7254 7260 7267 9621 9635 9643 9648 9670 9672 9683 9691 9693 9699 9702 9728 9729 9731 9748 9751 9754 9760 9761 9767 9774 9779 9786 9792 9798 9803 9811 9815 9817 9823 9837 9845 9846 9850 9862 9865 9868 9869 9870 9879 9888 9889 9892 9906 9912 9914 9916 9924 9930 9933 9934 9942 9956 9957 9963 9970 9972 9974 9975 9978 9983 10000 10006 10014 10015 10016 10018 10019 10021 10023 10024 10025 10034 10038 10039 10041 10044 10046 10048 10053 10056 10059 10069 10072 10073 10078 10085 10087 10092 10098 10115 10116 10119 10123 10125 10134 10135 10137 10139 10142 10147 10148 10150 10151 10152 10156 10160 10161 10165 10166 10168 10169 10174 10178 10187 10192 10196 10201 10203 10204 10208 10210 10214 10215 10218 10220 10221 10222 10223 10228 10231 10232 10236 10243 10245 10247 10248 10255 10257 10260 10262 10263 10265 10269 10270 10273 10275 10277 10279 10283 10285 10286 10292 10293 10298 10302 10303 10304 10309 10313 10314 10315 10316 10317 10320 10322 10325 10327 10332 10335 10336 10337 10338 10339 10342 10343 10345 10346 10348 10353 10355 10358 10361 10364 10365 10366 10368 10369 10371 10372 10374 10377 10378 10379 10380 10381 10382 10384 10387 10388 10389 10391 10395 10398 10399 10400 10403 10405 10410 10412 10413 10414 10415 10417 10418 10420 10421 10422 10428 10429 10431 10432 10433 10436 10438 10440 10442 10444 10446 10449 10453 10455 10458 10460 10463 10464 10466 10468 10469 10471 10472 10474 10475 10476 10477 10478 10482 10483 10484 10485 10486 10487 10489 10490 10491 10493 10496 10497 10499 10501 10502 10503 10505 10507 10508 10510 10513 10514 10515 10517 10519 10520 10522 10527 10528 10529 10530 10531 10532 10533 10534 10535 10536 10542 10544 10546 10547 10548 10550 10551 10552 10554 10557 10560 10562 10563 10564 10566 10567 10569 10570 10571 10574 10575 10576 10577 10578 10583 10584 10588 10589 10591 10593 10594 10596 10597 10599 10600 10603 10604 10606 10609 10610 10611 10612 10620 10621 10623 10626 10627 10628 10633 10634 10635 10636 10640 10642 10643 10645 10646 10648 10649 10650 10651 10652 10653 10655 10656 10662 10663 10665 10667 10668 10671 10672 10694 10703 10704 10705 11475 11476 11477 11478 11479 11480 11481 11482 11483 
	}
	manpower=1000
	buildings_max_level_factor=1.000
	state_category=city
}
