
state={
	id=268
	name="STATE_268"

	history={
		owner = BOI
		add_core_of = BOI
		buildings = {
			8917 = {
				naval_base = 2
				coastal_bunker = 2

			}

		}
		victory_points = {
			5691 50 
		}
		victory_points = {
			128 40 
		}

	}

	provinces={
		36 45 84 103 126 135 148 182 189 191 192 228 250 254 255 265 292 294 300 319 334 337 340 389 406 409 412 429 435 463 479 508 510 514 557 608 611 613 624 636 662 688 697 708 710 712 720 722 725 738 745 751 757 788 789 816 821 829 854 869 886 909 926 933 939 949 953 957 982 989 1013 1018 1044 1055 1058 1065 1112 1125 1143 1168 1180 1194 1200 1201 1203 1216 1221 1227 1328 1330 1349 1352 1379 1387 1392 1409 1417 1449 1455 1472 1482 1561 1568 1572 1600 1606 1611 1612 1626 1630 1633 1634 1640 1645 1657 1663 1674 1682 1692 1707 1759 1766 1792 1793 1805 1809 1811 1815 1834 1839 1842 1847 1858 1881 1896 1911 1920 1939 1940 1944 1945 1969 1998 2001 2006 2011 2019 2020 2024 2052 2076 2081 2087 2090 2094 2116 2123 2129 2143 2146 2158 2160 2175 2213 2218 2219 2231 2236 2243 2259 2261 2269 2282 2290 2291 2298 2309 2313 2319 2322 2338 2356 2360 2372 2377 2392 2444 2461 2475 2478 2487 2493 2498 2503 2540 2560 2573 2574 2581 2591 2594 2598 2628 2632 2644 2671 2674 2686 2701 2710 2713 2722 2737 2739 2742 2745 2763 2772 2811 2825 2836 2846 2854 2856 2864 2871 2875 2911 2912 2913 2914 2921 2927 2938 2960 2961 2996 3003 3005 3021 3034 3044 3045 3070 3082 3100 3103 3108 3115 3129 3146 3157 3159 3170 3183 3193 3198 3199 3219 3229 3231 3240 3243 3249 3253 3255 3269 3286 3288 3289 3293 3294 3300 3321 3326 3327 3365 3373 3374 3378 3387 3395 3420 3426 3429 3443 3464 3473 3474 3480 3481 3508 3546 3562 3564 3582 3592 3595 3607 3629 3648 3649 3650 3652 3657 3665 3671 3697 3704 3705 3706 3763 3770 3781 3782 3787 3799 3803 3848 3853 3857 3863 3867 3877 3888 3890 3891 3911 3915 3926 3937 3949 3959 3970 3972 3986 3987 3998 4000 4025 4026 4038 4061 4069 4071 4088 4105 4107 4110 4112 4124 4130 4132 4138 4139 4146 4158 4164 4166 4172 4173 4178 4184 4190 4202 4222 4249 4257 4264 4265 4266 4285 4288 4289 4290 4313 4316 4324 4330 4340 4341 4350 4358 4362 4370 4377 4387 4389 4394 4403 4404 4405 4408 4412 4415 4425 4448 4453 4455 4470 4489 4490 4492 4498 4511 4527 4555 4560 4565 4573 4574 4577 4578 4585 4586 4590 4596 4601 4605 4613 4621 4625 4628 4653 4655 4662 4664 4670 4677 4680 4685 4695 4698 4699 4703 4728 4733 4740 4742 4773 4774 4776 4779 4786 4788 4791 4800 4806 4809 4830 4832 4834 4839 4847 4850 4856 4857 4859 4863 4868 4872 4878 4885 4888 4893 4896 4899 4905 4906 4907 4909 4913 4917 4923 4933 4945 4951 4964 4969 4970 4974 4978 4983 4991 4997 5013 5021 5031 5032 5034 5042 5046 5052 5066 5071 5080 5087 5089 5093 5095 5096 5101 5109 5110 5117 5122 5133 5141 5143 5145 5151 5164 5165 5174 5178 5183 5184 5189 5202 5226 5230 5235 5238 5254 5263 5274 5296 5304 5305 5335 5341 5347 5349 5361 5377 5400 5410 5413 5418 5420 5431 5433 5436 5441 5445 5453 5454 5459 5464 5468 5500 5539 5544 5550 5555 5580 5587 5592 5598 5605 5609 5616 5619 5622 5624 5628 5637 5638 5642 5649 5655 5661 5691 5710 5723 5731 5733 5755 5756 5757 5767 5785 5810 5823 5828 5836 5871 5875 5877 5885 5894 5900 5907 5908 5920 5927 5928 5931 5943 5945 5946 5949 5964 5965 5971 5973 5986 5997 5999 6001 6003 6009 6015 6018 6019 6020 6021 6025 6031 6041 6044 6053 6063 6068 6071 6089 6091 6107 6114 6118 6131 6132 6139 6148 6152 6158 6168 6170 6180 6194 6202 6207 6209 6215 6226 6233 6237 6242 6244 6247 6262 6277 6298 6301 6306 6312 6327 6330 6335 6342 6357 6359 6372 6374 6376 6379 6386 6395 6399 6440 6447 6453 6456 6463 6468 6471 6480 6481 6483 6486 6488 6494 6498 6503 6513 6528 6540 6542 6545 6564 6572 6594 6603 6608 6634 6669 6673 6686 6692 6700 6701 6712 6715 6720 6723 6729 6735 6737 6749 6751 6752 6760 6763 6766 6772 6797 6809 6819 6824 6828 6832 6855 6866 6867 6871 6874 6885 6892 6893 6906 6911 6916 6917 6920 6931 6932 6937 6940 6942 6950 6968 6978 6982 7001 7032 7039 7043 7059 7062 7064 7065 7112 7128 7134 7142 7145 7166 7171 7177 7191 7194 7196 7198 7205 7214 7217 7224 7226 7229 7233 7239 7248 7249 7257 8049 8110 8122 8141 8159 8160 8161 8183 8190 8198 8208 8224 8232 8241 8244 8283 8284 8286 8289 8300 8303 8304 8305 8311 8317 8321 8338 8342 8345 8346 8347 8361 8367 8368 8369 8372 8378 8379 8380 8387 8399 8400 8401 8404 8412 8413 8415 8417 8418 8420 8421 8422 8431 8435 8445 8446 8447 8450 8452 8465 8466 8467 8470 8481 8484 8489 8490 8494 8495 8501 8507 8508 8509 8512 8513 8517 8518 8525 8529 8530 8532 8535 8536 8546 8553 8558 8561 8564 8567 8570 8571 8572 8579 8594 8607 8608 8609 8617 8618 8623 8624 8630 8631 8635 8645 8647 8655 8669 8672 8673 8676 8681 8683 8692 8693 8696 8697 8704 8707 8709 8714 8715 8720 8731 8734 8741 8742 8746 8765 8782 8787 8808 8818 8819 8820 8821 8824 8827 8831 8835 8843 8846 8853 8859 8864 8865 8867 8869 8871 8872 8882 8891 8897 8905 8913 8917 8918 8919 8922 8926 8929 8931 8932 8938 8943 8949 8958 8959 8964 8971 8983 8992 8996 8999 9002 9006 9012 9013 9020 9021 9022 9026 9027 9033 9036 9054 9070 9073 9079 9085 9088 9092 9101 9114 9120 9129 9130 9134 9138 9143 9145 9153 9156 9157 9159 9162 9163 9166 9168 9178 9191 9208 9213 9214 9216 9218 9223 9233 9244 9245 9250 9270 9273 9277 9294 9301 9317 9321 9331 9332 9340 9341 9342 9344 9348 9358 9365 9367 9372 9376 9378 9387 9390 9392 9397 9398 9401 9404 9409 9416 9421 9427 9436 9441 9448 9454 9457 9459 9467 9470 9472 9477 9484 9488 9500 9502 9504 9523 9527 9528 9535 9544 9548 9555 9556 9561 9563 9572 9580 9581 9586 9591 9594 9599 9612 9613 9614 9617 9618 9623 9628 9632 9645 9647 9650 9654 9665 9666 9671 9678 9685 9689 9690 9692 9695 9696 9712 9718 9720 9723 9726 9733 9743 9745 9746 9759 9765 9766 9770 9772 9773 9775 9781 9782 9784 9794 9802 9805 9814 9819 9822 9824 9825 9826 9838 9843 9844 9847 9848 9860 9867 9884 9885 9887 9895 9896 9905 9915 9922 9927 9932 9936 9940 9941 9952 9961 9966 9971 9982 9988 9994 9996 9999 10013 10017 10020 10031 10032 10033 10042 10050 10052 10058 10061 10066 10067 10068 10082 10086 10088 10097 10100 10104 10107 10111 10121 10122 10127 10129 10132 10146 10149 10172 10177 10179 10182 10183 10186 10190 10195 10199 10206 10207 10213 10216 10217 10219 10225 10235 10239 10246 10254 10261 10264 10268 10272 10276 10278 10282 10284 10295 10296 10300 10301 10306 10308 10311 10328 10329 10341 10344 10351 10354 10370 10386 10404 10448 10457 10465 10481 10524 10540 10541 10559 10561 10605 10616 10631 10638 10641 10659 10660 
	}
	manpower=1000
	buildings_max_level_factor=1.000
	state_category=city
	local_supplies=0.000
}
