state={
	id=399
	name="STATE_399"
	
	local_supplies=0.0 
	
	history={
		owner = CAN
		add_core_of = CAN
		buildings = {
			arms_factory = 0
			industrial_complex = 0
			
			infrastructure = 6
			air_base = 0
			anti_air_building = 0
			radar_station = 0	
		}
		
	}
	
	provinces={
		55 767 1248 1435 1676 2179 2723 2966 3385 3394 3465 3942 4201 4252 4302 4571 5124 5149 5216 5309 5432 5574 5901 6066 6150 6212 6464 6633 6739 6953 7008 7081 7185 7332 7342 7347 7353 7360 7361 7369 7370 7373 7375 7378 7384 7386 7387 7392 7400 7403 7406 7407 7412 7415 7419 7421 7430 7431 7439 7446 7447 7450 7451 7453 7459 7466 7467 7468 7478 7483 7497 7498 7504 7507 7511 7530 7537 7542 7548 7558 
	}
	manpower=150000
	
	state_category=town
}
