state={
	id=475
	name="STATE_475"
	history={
		owner = AMP
		add_core_of = AMP
	}
	
	provinces={
		35 71 200 207 249 272 363 461 522 593 728 747 762 813 818 850 929 970 1032 1036 1045 1048 1080 1241 1281 1390 1419 1451 1491 1841 1916 1970 1971 2003 2015 2017 2030 2165 2271 2406 2449 2551 2627 2641 2656 2660 2757 2803 2840 2850 2940 2942 2953 2957 3054 3058 3076 3174 3220 3223 3352 3356 3363 3408 3428 3445 3475 3601 3683 3732 3741 3777 3834 3840 3869 3872 3902 3968 4002 4013 4089 4134 4143 4335 4457 4524 4582 4663 4665 4751 4808 4833 4912 4942 4954 4955 5006 5023 5030 5078 5211 5344 5356 5372 5373 5450 5467 5645 5715 5837 5852 5881 5969 6062 6067 6111 6142 6169 6280 6324 6533 6537 6632 6636 6660 6668 6755 6870 6877 7021 7036 7056 7124 7150 7206 7232 7250 7260 9693 9702 9728 9751 9798 9815 9845 9846 9862 9868 9879 9888 9914 9930 9933 9956 9978 9983 10018 10019 10023 10078 10085 10092 10115 10116 10123 10137 10139 10147 10150 10151 10169 10174 10178 10196 10204 10208 10210 10214 10218 10220 10221 10228 10231 10232 10236 10247 10248 10255 10260 10262 10263 10275 10285 10703 10704 
	}
	manpower=1000
	buildings_max_level_factor=1.000
	state_category=city
	local_supplies=0.000
}
