
state={
	id=476
	name="STATE_476"

	history={
		owner = ZZZ
		add_core_of = ZZZ

	}

	provinces={
		64 215 284 380 472 563 584 885 1236 1307 1367 1393 1453 1622 2296 2359 2382 2438 2451 2468 2552 2946 2983 3029 3050 3335 3366 3434 3984 4012 4034 4675 4981 5082 5146 5195 5221 5354 5499 5614 5718 6058 6094 6134 6360 6452 6501 6725 6775 6994 6998 7011 9621 9635 9643 9648 9670 9672 9683 9699 9731 9754 9767 9779 9792 9817 9869 9906 9934 9974 10000 10014 10015 10034 10087 
	}
	manpower=1000
	buildings_max_level_factor=1.000
	state_category=city
	local_supplies=0.000
}
