
state={
	id=477
	name="STATE_477"

	history={
		owner = ZZZ
		add_core_of = ZZZ

	}

	provinces={
		153 599 690 706 1017 1103 1123 1128 1254 1293 1386 1416 1442 1539 1544 1607 1665 1666 1716 1765 1771 1828 1832 1901 1932 1948 1957 1974 2115 2130 2300 2318 2334 2407 2575 2601 2603 2629 2730 2806 2858 2878 2895 2923 2944 3068 3096 3138 3152 3201 3204 3312 3358 3389 3432 3451 3544 3551 3598 3714 3798 3866 3921 3990 4262 4282 4298 4322 4337 4375 4378 4475 4514 4537 4546 4638 4712 4713 4792 4823 4826 4846 4875 4976 5001 5088 5091 5193 5196 5280 5470 5703 5746 5824 5854 5926 6072 6157 6167 6201 6229 6349 6369 6371 6380 6521 6574 6901 6905 6966 6987 7131 7184 9691 9729 9760 9761 9774 9786 9803 9811 9823 9837 9850 9865 9870 9889 9892 9916 9924 9942 9957 9972 9975 10025 10039 10053 10125 10134 10148 10156 10166 10201 10245 10265 10279 10286 10298 10304 10309 10314 10320 10325 10327 10332 10343 10348 10355 10358 10366 10382 10403 10413 10429 
	}
	manpower=1000
	buildings_max_level_factor=1.000
	state_category=city
	local_supplies=0.000
}
