state={
	id=484
	name="STATE_484"
	history={
		owner = ZZZ
		add_core_of = ZZZ
	}
	provinces={
		3 7 236 285 384 491 631 1118 1309 1394 1498 1557 1565 1625 1693 1894 2067 2104 2178 2248 2410 2544 2767 2777 2900 2941 3052 3224 3868 3873 4067 4159 4273 4481 4643 4656 4985 5053 5085 5128 5140 5293 5692 5782 5799 5831 5856 5967 6093 6133 6173 6433 6532 6654 6730 6880 7076 7162 7202 7213 10168 10203 10222 10223 10243 10269 10273 10277 10283 10338 10346 10361 10369 10378 10387 10388 10418 10455 
	}
	manpower=1000
	buildings_max_level_factor=1.000
	state_category=city
	local_supplies=0.000
}
