state={
	id=485
	name="STATE_485"
	history={
		owner = ZZZ
		add_core_of = ZZZ
	}
	provinces={
		121 288 506 540 671 741 772 852 1014 1070 1238 1276 1355 1360 1440 1476 1490 1533 1715 1730 1764 1821 2093 2149 2172 2215 2235 2308 2321 2341 2446 2467 2486 2522 2533 2608 2738 2741 2791 2919 2930 3028 3039 3073 3118 3142 3188 3205 3407 3410 3576 3585 3605 3695 3775 3790 3795 3815 3819 3906 4076 4162 4283 4314 4466 4483 4504 4510 4559 4569 4608 4745 4784 4858 4882 4961 5005 5040 5138 5185 5328 5427 5463 5473 5553 5563 5602 5621 5682 5740 5804 5835 5850 5963 5994 6084 6103 6204 6240 6292 6555 6587 6667 6741 6759 6810 6813 6926 6951 6971 7209 7225 7240 7254 10379 10389 10410 10415 10422 10432 10433 10438 10442 10449 10472 10474 10486 10487 10489 10496 10501 10502 10503 10505 10519 10520 10522 10534 10536 10547 10548 10560 10563 10571 10574 10575 10583 10594 10600 10604 10610 10621 10626 10635 10651 
	}
	manpower=1000
	buildings_max_level_factor=1.000
	state_category=city
	local_supplies=0.000
}
