state={
	id=486
	name="STATE_486"
	history={
		owner = AMP
		add_core_of = AMP
	}
	provinces={
		44 73 95 133 179 377 402 493 527 687 727 748 787 825 851 873 950 1148 1163 1222 1224 1361 1507 1530 1774 1822 1934 1947 2085 2144 2152 2214 2379 2440 2511 2528 2538 2606 2620 2760 2883 2889 2916 3316 3364 3411 3479 3578 3584 3615 3669 3681 3780 3865 3874 3904 3925 3950 3997 4047 4229 4234 4299 4366 4384 4407 4422 4541 4550 4679 4920 5058 5125 5391 5451 5489 5530 5648 5664 5753 5773 5803 5847 5890 5934 5976 6012 6145 6241 6317 6362 6364 6388 6393 6439 6541 6581 6736 6738 6746 6847 6945 6995 7042 7151 7152 7228 7267 10497 10514 10515 10528 10530 10532 10546 10550 10554 10564 10566 10569 10570 10578 10589 10596 10609 10612 10620 10623 10627 10628 10636 10642 10643 10645 10646 10648 10649 10652 10653 10655 10656 10662 10663 10665 10667 10668 10671 10672 
	}
	manpower=1000
	buildings_max_level_factor=1.000
	state_category=city
	local_supplies=0.000
}
