state={
	id=488
	name="STATE_488"
	history={
		owner = ZZZ
		add_core_of = ZZZ
		
		victory_points = {
			10414 40 
		}
	}
	provinces={
		127 422 653 1069 1082 1088 1153 1160 1183 1513 1704 1748 1749 1895 2069 2361 2505 2526 2866 3046 3075 3166 3296 3523 3594 3730 4123 4597 4765 4795 4840 4851 5017 5062 5069 5135 5517 5528 5600 5679 5884 5912 6405 6550 6664 6805 7153 10313 10315 10335 10337 10342 10364 10372 10384 10399 10405 10412 10414 10428 10444 10468 10469 10484 10491 
	}
	manpower=1000
	buildings_max_level_factor=1.000
	state_category=city
	local_supplies=0.000
}
