state={
	id=490
	name="STATE_490"
	history={
		owner = ZZZ
		add_core_of = ZZZ
	}
	provinces={
		2 175 280 405 427 548 629 658 693 695 705 790 823 849 867 941 971 987 994 1029 1101 1104 1140 1162 1178 1181 1255 1316 1381 1481 1636 1683 1712 1714 1738 1756 1910 1999 2016 2135 2166 2188 2224 2241 2378 2424 2448 2500 2535 2554 2682 2753 2815 2905 2981 3016 3110 3122 3151 3154 3216 3257 3261 3274 3277 3306 3359 3376 3383 3452 3469 3486 3509 3534 3555 3591 3599 3625 3703 3708 3712 3723 3733 3769 3779 3828 3844 3847 3880 3884 3969 4030 4059 4097 4163 4216 4244 4275 4303 4317 4329 4388 4398 4410 4413 4418 4536 4614 4634 4652 4705 4711 4750 4793 4879 4931 4957 4994 5127 5144 5153 5156 5159 5179 5204 5268 5311 5313 5322 5332 5334 5339 5350 5369 5371 5382 5423 5435 5438 5439 5465 5471 5520 5542 5551 5556 5601 5640 5650 5713 5771 5888 5921 5960 5972 6106 6137 6276 6333 6344 6448 6457 6472 6492 6506 6514 6620 6679 6758 6762 6850 6860 6919 7010 7090 7126 7138 7159 7180 7200 7251 10302 10316 10336 10345 10353 10365 10368 10371 10374 10380 10381 10391 10395 10398 10400 10417 10420 10421 10431 10436 10440 10446 10453 10458 10460 10463 10464 10466 10471 10475 10476 10477 10478 10482 10483 10485 10490 10493 10499 10508 10510 10513 10517 10527 10529 10531 10533 10535 10542 10544 10552 10557 10562 10567 10576 10577 10584 10588 10591 10593 10597 10603 10633 10634 10640 10650 10694 
	}
	manpower=1000
	buildings_max_level_factor=1.000
	state_category=city
	local_supplies=0.000
}
