state={
	id=492
	name="STATE_492"
	provinces={
		145 717 752 1031 1062 1110 1207 1512 1608 1995 2056 2102 2256 2371 2810 3173 3238 3275 3526 3581 3590 3820 3842 3923 4029 4183 4447 4684 4903 4953 5056 5081 5172 5292 5625 5675 5717 5744 5764 5889 5980 6048 6110 6253 6257 6296 6304 6365 6396 6612 6642 6665 6671 6742 6783 6787 6889 6983 7058 7082 7137 7255 9147 9190 9225 9252 9288 9316 9330 9384 9396 9426 9429 9442 9446 9464 9465 9483 9507 9509 9517 9543 9559 9560 9590 9611 9622 9642 9644 9668 
	}
	history={
		owner = BOI
		add_core_of = BOI
	}
	manpower=1000
	buildings_max_level_factor=1.000
	state_category=city
	local_supplies=0.000
}
